
10000000100011111010010001000010111000100011011000010011000001110001011

00101010100001100000100010010101000101010101000100100000100000110001001

11011010100001100000000010010011000111101111000100010010000100110001100

11011011010010110011100100000001111000010101010100000001100011100001100

01001011100001100001100011110000110011010100000001101011100000110100001

11100000100101100001100010010010110001001101000000101001100100101101000

00001011101001100011100000000111110001010111100100001001100000110001000

00001011100001110011100000010000110110101001000000011011110000101101001

00001011100001110011100000010000110110101001000000011011110000101101001

00001011100001101010010101010000110110101001011000101001100110001101001

11001001100001110111111010100100100010101001000000000000110110101101001

01001011100001110111100011111000110110101000000000101001000110101101000

11001001100011101010011100111001110110101100000001101001001000100101100

11011001000001010010011011000000110110000000000100101001101000100111001

11011011000001010000000011110001110010101001000001011000101000101100000

10001011100001110110100011010111110010101000000000100100110100100111001

10001011100001110111110111110000111010100000000101101001110110101101000

10001011100001001111001011110000110110101000000100101000010000100111000

10001011100000100111110100010100010110101000000000001001110000110111000

01001001000001111111010110111000110110100000000000001001110010101101001

11101011100011101111110011110000110110100010000000100000001000101101001

11101011100011101111010011110000110110100010000000101000001000101101001

11011111100001101110110111110000110110101000001000101000110000010101000

11011001101001110111110111010010110110101000000000100010000000111111000

11011010100001001100100011011000010010101000000000100011110100110101000

11011000100011101101001111110100010010101001000000100011110000111111000

11011010100111000110100011010010010010101000100000100111100000001111000

11011110100011111101010111110100110010111000000000100011100110011101000

11011110100011111101010111111100110010101001000000100011110110011111000

11101001100011000101010011110000011111101001000000100001110110011111010

11111000100011100110100011010000110110111000100000100011100111001111011

11011011000011000111010111110000011110111000000000001111100110010100010

11011000001011001101010011100000110010101000100000100000100011001101000

10001000001011101110110011010000010010101000000000100000110010001111001

11111100100111001101010111100000010010100000010000000110100010001101000

11010001001011101110110011100100010000110000000000101111100111001100011

11010001000111001100110011110000110011111000000000001111100111001100011

11010001000111001111010011100100000010111000000000001111100111001100011

11010001000111010010010011110100000010110000000000101111100100001100011

11010101000011010010010011110100011010111000000100000011111110001001110

11010001000011010011010001110010010110111000001010000001000110000101101

11010000000011101101000011100100010000111000000000100011100111100100001

11010101000011010111010011110000010110101000100010101111100010110100010

11011101000010001011010111110100010000110000100000001011100111001001110

11011101000011001011010001110010010010100000001010000011111110001101100

11010001011011010011010001110100010011100010000100100000111111100100000

11110001001101111111000111110000010101111000000100000011101100000001010

11110001011101111111000111110100010000101000000000010011101110110100010

11011000101111001111011111110000010001111000001000100001100010001101100

11011001011011001111110011110000010101101000000000000001111110001101100

11010000101111010111000011110101000101100000100000000011100010001111110

11011010101011101111000111110000010101100000001010100100110010111111100

11010101011011001111100111110000010100010000000000100011110010101101100

11011001010011110101000111110000010101100000000000100001010010001101100

11011001011011101010001011110000010101100000000100100010110011001101100

11011001011011000111001001110000010000101000100000100010111110001101010

11011011011011001111000000110000010101100000000000010010111010001100010

11011011011011001111001001110000010100110000000000001011111110001101110

11010011011001001110001001110000010100101000100000100010111010111101010

11110011011011011111010110110000010101101000010000001011110000011101010

11011001101011101110010001010100010010110000100000000010111010100101110

11011011010011011101001101110000010100111000000000000010111010100101000

11111011011011001010010011110100000100110100000000001010101010001100110

11011011011010001111000011110100011000110000100000010110011000100101010

11011011001011001111000011110100000101111000100000000011111110000111010

11011011011001001101000011110100000101010000000000100010011110101101110

11011011111011001111000001010100010011111000000000000000011000100100110

11011011111011011101010000100100010011111000100000000110100010101101110

11111001111011001001010011110100010100101000000000011011100010011101000

11011011110111001101010000010110010000101000000000110011100000100100010

11011011111111001110000001100100010000101000000000010000001010101101110

11011001101111011111010000110100010000101000000000010011100010000101010

11011001011011011101010000010100010000101000000000000010100110101101110

10011001111011111101000000010100010000100011000000010011101110001101010

11011011111001001111000100110000010000100000000001010011100100101101110

11111001101011011111000111010100010000000000000000010011100000101101010

11011001111011000101000100010100110100100101100000010011101110111101110

11011001011011011101000100010100010000000000000000011010101110111100010

11011011001111000111000011110100010000100101100101011011100010101100010

11011001011001111111000111110100010000101000000001011011100011101010010

11011001011111001101010011110100010001100110100000011001101011101101000

11010011001011011111100111010101110100000110000001010010100110111101100

11010001001111101111110101010100010110100111100000011001101110111101100

11011011010111001111100101010100010001100101000001011010100110111101010

11010011010011001111100101010100010001100100100000110001100110111101000

11011011111001011111100100110110010001100110100000010001100110111101000

11010011011011011101011011000100010100100110100001010001110100101101000

11010011011011000111110101100100010100100110100100110000110100101101000

11110101011111001011000101010100010000101110101000010001000100111101000

11011011010011001111100101010110000110100110101000011010101110111101000

11010011011011011011100111010100011000000110001001011010101110111101110

11010011010011001111100101010000010101101110001101011001101100111101000

11010011011011001011100101010110000100101111100001011001100100011101000

11010011111011101011100101010100111010100110100000001001101110110101010

11010011011111101011100101010100000100000110101100011001100110101100000

11010011010111101010000100010100111010100110001001011011100110110001000

11010011011011111100000100110100100101101110101100011110100110101111010

11010011011011011010000101110110010100100110001001011011101111100101000

11010011011011011100001101110100111010101110100101011010100111100101000

11010011011000101011100101110000110100100111000101011000101010101101010

11010011011100101011100101010000111110101111101001011011101110100100010

11010011011011011100000110100100110000101111000101011010100110110100010

11010011011011101100000111100101110111100111000000011111100010100100000

11010011011110101011100111110000100110101110000100001000101010100000000

11110011010111000011100010100000110001101110000100011110101010100100100

11010011011011100101100110010101110001101110100100011111101010110100000

11010011011110000010100010100001100110101111000100011000101010110100000

11010001010010011011100010010000110010101110110100011000101010110000000

11010001011001001011100001010000110001101100000000011100101110110100110

11010011011011101110100010110000110000001100001000011001101010110100000

11010001001011101000101011010000110001101100010000011000101011110100011

11010011011011001110100111110000110001101100000000011100101010110100000

11010011011011001110100011110000111011101100101000011110101011110110110

11110111011110001110100110110000110001111100000100111110101001110010000

11110011011001001110001010110000110011000011000000111100101011110111010

11110111011110001110000100110000110100101100000000011100101011110110110

11010011011100001111100001110000110000111100000000011100101010110110000

11010011010110000110100011110000010010101100000000011100101011110100100

11110011011001011100101101110000100001111101010100001000101011110101000

11110011011000010010101111000100110001101101000100011100101010110110111

11110011001110011110100111000100110001110110000100011100101010110111010

11010011011100011110101111100000110001100110000100011100101010110110101

11110111011100011110100111000000110001100010100100011000101001110111001

11110001011111010110100111110110110000100100111100011010101011110111010

11010011011001001000101101110110110000111101000100011000101010110100001

11010011011001001000101101111100110001100101100100011000101010110100001

11110001011001000010101111100010110001111101000100011000101010101101000

11110011011101001100101101100100110001111101100100011000101010111111101

11110011011101001110001101110100110001111111100100011110101000110111101

11110001011101001100001111100000110000111111001101011010101001110111010

11110111011001001010100110110000101000101101100100011000101010110111101

11110101011111000000001111100011110001111101100100001001100010100110100

11010001001001001000100110110000110001100111100110001000101000110110101

11100101011111000000101101110110110011101111100100011001101000010110101

11110011011000011010100110110100110001101111100100011001101101110111101

11010101111101001001101100110010110001101111100110011001101000110110100

11100011011100011110101101100100110001100111100100011101101010100110101

11110111011011000100100101110100110000101111100110011000101010101110100

11010011011101001000100101110110110001111101000110011010111000110111101

11010001011001000011100101110010110001101101000100011000101000110101101

11100001011001000011100101110110110001100101100110011100101000110110100

10010111011111000100100101110010110001101111100100011001111000110110100

10110011011101000011100101110110000001110111110100001010011010110111101

11110011011001001000100000110110010001101111110100101001111001110101100

01110011011101000010100101100111110001100011100100011001111000110110101

01110011011101000000100111110110010001100111100100001000110000110110101

11110010011101000000000111100111111001100111100100011000111000110101100

11110010011101000000000100011111100001101111100100011001101000110101000

11110010011101000101100111111111100001100111100100001000111000110100100
